@tailwind base;
@tailwind components;
@tailwind utilities;

@layer base {
  :root {
    --primary-light: 255, 255, 255;
    --primary-medium: 249, 249, 249;
    --primary-dark: 229, 229, 229;
    --accent-1: 8, 126, 164;
    --accent-2: 8, 126, 164;
    --accent-3: 8, 126, 164;
    --accent-1-hover: 57, 152, 182;
    --accent-2-hover: 8, 126, 164;
    --accent-3-hover: 8, 126, 164;
    --font-light: 246, 247, 249;
    --font-dark: 25, 39, 47;
  }
  .react-light {
    --primary-light: 255, 255, 255;
    --primary-medium: 249, 249, 249;
    --primary-dark: 229, 229, 229;
    --accent-1: 57, 152, 182;
    --accent-2: 8, 126, 164;
    --accent-3: 8, 126, 164;
    --accent-1-hover: 8, 126, 164;
    --accent-2-hover: 8, 126, 164;
    --accent-3-hover: 8, 126, 164;
    --font-light: 249, 249, 249;
    --font-dark: 25, 39, 47;
  }
  .react-dark {
    --primary-light: 51, 58, 69;
    --primary-medium: 35, 39, 47;
    --primary-dark: 25, 27, 33;
    --accent-1: 8, 126, 164;
    --accent-2: 8, 126, 164;
    --accent-3: 8, 126, 164;
    --accent-1-hover: 57, 152, 182;
    --accent-2-hover: 8, 126, 164;
    --accent-3-hover: 8, 126, 164;
    --font-light: 25, 39, 47;
    --font-dark: 249, 249, 249;
  }
  .vue-light {
    --primary-light: 255, 255, 255;
    --primary-medium: 249, 249, 249;
    --primary-dark: 229, 229, 229;
    --accent-1: 66, 211, 146;
    --accent-2: 77, 183, 182;
    --accent-3: 96, 136, 243;
    --accent-1-hover: 51, 160, 111;
    --accent-2-hover: 51, 158, 156;
    --accent-3-hover: 64, 105, 219;
    --font-light: 249, 249, 249;
    --font-dark: 33, 53, 71;
  }
  .qwik-light {
    --primary-light: 255, 255, 255;
    --primary-medium: 249, 249, 249;
    --primary-dark: 229, 229, 229;
    --accent-1: 172, 126, 244;
    --accent-2: 25, 182, 246;
    --accent-3: 172, 126, 244;
    --accent-1-hover: 154, 106, 231;
    --accent-2-hover: 18, 167, 226;
    --accent-3-hover: 154, 106, 231;
    --font-light: 249, 249, 249;
    --font-dark: 21, 25, 52;
  }
  .vue-dark {
    --primary-light: 58, 58, 58;
    --primary-medium: 36, 36, 36;
    --primary-dark: 26, 26, 26;
    --accent-1: 51, 160, 111;
    --accent-2: 51, 158, 156;
    --accent-3: 64, 105, 219;
    --accent-1-hover: 66, 211, 146;
    --accent-2-hover: 77, 183, 182;
    --accent-3-hover: 96, 136, 243;
    --font-light: 249, 249, 249;
    --font-dark: 33, 53, 71;
  }
  .qwik-dark {
    --primary-light: 24, 42, 76;
    --primary-medium: 21, 25, 52;
    --primary-dark: 16, 16, 16;
    --accent-1: 154, 106, 231;
    --accent-2: 18, 167, 226;
    --accent-3: 154, 106, 231;
    --accent-1-hover: 172, 126, 244;
    --accent-2-hover: 25, 182, 246;
    --accent-3-hover: 172, 126, 244;
    --font-light: 249, 249, 249;
    --font-dark: 21, 25, 52;
  }
}
